
 NPM(K)    PM(M)      WS(M)     CPU(s)      Id  SI ProcessName
 ------    -----      -----     ------      --  -- -----------
      0     0.00       0.00       0.00       0 …16 
      0     0.00       0.00       0.00       1   1 
      0     0.00       0.00       0.00     297 297 
      0     0.00       0.00       0.00     298 298 
      0     0.00       0.00       0.00     299 299 
      0     0.00       0.00       0.00     301 301 
      0     0.00       0.00       0.00     302 302 
      0     0.00       0.00       0.00     303 303 
      0     0.00       0.00       0.00     306 306 
      0     0.00       0.00       0.00     308 308 
      0     0.00       0.00       0.00     309 309 
      0     0.00       0.00       0.00     310 310 
      0     0.00       0.00       0.00     311 311 
      0     0.00       0.00       0.00     312 312 
      0     0.00       0.00       0.00     313 313 
      0     0.00       0.00       0.00     315 315 
      0     0.00       0.00       0.00     317 317 
      0     0.00       0.00       0.00     319 319 
      0     0.00       0.00       0.00     320 320 
      0     0.00       0.00       0.00     322 322 
      0     0.00       0.00       0.00     326 326 
      0     0.00       0.00       0.00     327 327 
      0     0.00       0.00       0.00     328 328 
      0     0.00       0.00       0.00     329 329 
      0     0.00       0.00       0.00     332 332 
      0     0.00       0.00       0.00     333 333 
      0     0.00       0.00       0.00     336 336 
      0     0.00       0.00       0.00     337 337 
      0     0.00       0.00       0.00     338 338 
      0     0.00       0.00       0.00     339 339 
      0     0.00       0.00       0.00     340 340 
      0     0.00       0.00       0.00     341 341 
      0     0.00       0.00       0.00     342 342 
      0     0.00       0.00       0.00     344 344 
      0     0.00       0.00       0.00     346 346 
      0     0.00       0.00       0.00     347 347 
      0     0.00       0.00       0.00     349 349 
      0     0.00       0.00       0.00     350 350 
      0     0.00       0.00       0.00     351 351 
      0     0.00       0.00       0.00     352 352 
      0     0.00       0.00       0.00     353 353 
      0     0.00       0.00       0.00     354 354 
      0     0.00       0.00       0.00     355 355 
      0     0.00       0.00       0.00     356 356 
      0     0.00       0.00       0.00     358 358 
      0     0.00       0.00       0.00     359 359 
      0     0.00       0.00       0.00     360 360 
      0     0.00       0.00       0.00     361 361 
      0     0.00       0.00       0.00     362 362 
      0     0.00       0.00       0.00     363 363 
      0     0.00       0.00       0.00     364 364 
      0     0.00       0.00       0.00     365 365 
      0     0.00       0.00       0.00     366 366 
      0     0.00       0.00       0.00     367 367 
      0     0.00       0.00       0.00     369 369 
      0     0.00       0.00       0.00     372 372 
      0     0.00       0.00       0.00     373 373 
      0     0.00       0.00       0.00     375 375 
      0     0.00       0.00       0.00     376 376 
      0     0.00       0.00       0.00     396 396 
      0     0.00       0.00       0.00     407   1 
      0     0.00       0.00       0.00     409 409 
      0     0.00       0.00       0.00     410 410 
      0     0.00       0.00       0.00     411 411 
      0     0.00       0.00       0.00     412 412 
      0     0.00       0.00       0.00     413 413 
      0     0.00       0.00       0.00     414 414 
      0     0.00       0.00       0.00     415 415 
      0     0.00       0.00       0.00     416 416 
      0     0.00       0.00       0.00     417 417 
      0     0.00       0.00       0.00     419   1 
      0     0.00       0.00       0.00     424 424 
      0     0.00       0.00       0.00     425 425 
      0     0.00       0.00       0.00     426 426 
      0     0.00       0.00       0.00     427 427 
      0     0.00       0.00       0.00     431 431 
      0     0.00       0.00       0.00     433   1 
      0     0.00       0.00       0.00     437 437 
      0     0.00       0.00       0.00     443 443 
      0     0.00       0.00       0.00     445   1 
      0     0.00       0.00       0.00     446 446 
      0     0.00       0.00       0.00     449 449 
      0     0.00       0.00       0.00     451   1 
      0     0.00       0.00       0.00     456 456 
      0     0.00       0.00       0.00     459 459 
      0     0.00       0.00       0.00     460 460 
      0     0.00       0.00       0.00     461 461 
      0     0.00       0.00       0.00     462 462 
      0     0.00       0.00       0.00     463 463 
      0     0.00       0.00       0.00     465 465 
      0     0.00       0.00       0.00     466 466 
      0     0.00       0.00       0.00     467 467 
      0     0.00       0.00       0.00     470 470 
      0     0.00       0.00       0.00     472 472 
      0     0.00       0.00       0.00     474 474 
      0     0.00       0.00       0.00     496 496 
      0     0.00       0.00       0.00     497 497 
      0     0.00       0.00       0.00     500 500 
      0     0.00       0.00       0.00     501 501 
      0     0.00       0.00       0.00     502 502 
      0     0.00       0.00       0.00     504 504 
      0     0.00       0.00       0.00     505 505 
      0     0.00       0.00       0.00     506 506 
      0     0.00       0.00       0.00     507 507 
      0     0.00       0.00       0.00     508   1 
      0     0.00       0.00       0.00     509 509 
      0     0.00       0.00       0.00     510 510 
      0     0.00       0.00       0.00     511   1 
      0     0.00       0.00       0.00     512   1 
      0     0.00       0.00       0.00     513 513 
      0     0.00       0.00       0.00     514 514 
      0     0.00       0.00       0.00     515 515 
      0     0.00       0.00       0.00     516 516 
      0     0.00       0.00       0.00     517   1 
      0     0.00       0.00       0.00     519 519 
      0     0.00       0.00       0.00     520   1 
      0     0.00       0.00       0.00     521   1 
      0     0.00       0.00       0.00     522 522 
      0     0.00       0.00       0.00     523 523 
      0     0.00       0.00       0.00     524 524 
      0     0.00       0.00       0.00     534 534 
      0     0.00       0.00       0.00     535   1 
      0     0.00       0.00       0.00     536   1 
      0     0.00       0.00       0.00     538 538 
      0     0.00       0.00       0.00     539 539 
      0     0.00       0.00       0.00     540 540 
      0     0.00       0.00       0.00     541 541 
      0     0.00       0.00       0.00     542 542 
      0     0.00       0.00       0.00     543 543 
      0     0.00       0.00       0.00     545 545 
      0     0.00       0.00       0.00     546 546 
      0     0.00       0.00       0.00     547 547 
      0     0.00       0.00       0.00     548 548 
      0     0.00       0.00       0.00     552 552 
      0     0.00       0.00       0.00     553 553 
      0     0.00       0.00       0.00     554 554 
      0     0.00       0.00       0.00     555   1 
      0     0.00       0.00       0.00     556   1 
      0     0.00       0.00       0.00     557 557 
      0     0.00       0.00       0.00     558 558 
      0     0.00       0.00       0.00     560 560 
      0     0.00       0.00       0.00     561 561 
      0     0.00       0.00       0.00     568   1 
      0     0.00       0.00       0.00     569   1 
      0     0.00       0.00       0.00     570   1 
      0     0.00       0.00       0.00     572 572 
      0     0.00       0.00       0.00     574   1 
      0     0.00       0.00       0.00     576 576 
      0     0.00       0.00       0.00     577   1 
      0     0.00       0.00       0.00     578   1 
      0     0.00       0.00       0.00     579 579 
      0     0.00       0.00       0.00     581 581 
      0     0.00       0.00       0.00     582 582 
      0     0.00       0.00       0.00     586   1 
      0     0.00       0.00       0.00     593 593 
      0     0.00       0.00       0.00     600 600 
      0     0.00       0.00       0.00     607 607 
      0     0.00       0.00       0.00     610   1 
      0     0.00       0.00       0.00     614 614 
      0     0.00       0.00       0.00     621 621 
      0     0.00       0.00       0.00     638 638 
      0     0.00       0.00       0.00     639 639 
      0     0.00       0.00       0.00     652 652 
      0     0.00       0.00       0.00     662 662 
      0     0.00       0.00       0.00     665 665 
      0     0.00       0.00       0.00     683 683 
      0     0.00       0.00       0.00     722 722 
      0     0.00       0.00       0.00     731 731 
      0     0.00       0.00       0.00     736 736 
      0     0.00       0.00       0.00     743 743 
      0     0.00       0.00       0.00     756 756 
      0     0.00       0.00       0.00     774 774 
      0     0.00       0.00       0.00     776 776 
      0     0.00       0.00       0.00     778 778 
      0     0.00       0.00       0.00     779 779 
      0     0.00       0.00       0.00     780 780 
      0     0.00       0.00       0.00     782 782 
      0     0.00       0.00       0.00     789 789 
      0     0.00       0.00       0.00     790 790 
      0     0.00       0.00       0.00     798 798 
      0     0.00       0.00       0.00     809 809 
      0     0.00       0.00       0.00     818 818 
      0     0.00       0.00       0.00     819   1 
      0     0.00       0.00       0.00     820 820 
      0     0.00       0.00       0.00     822   1 
      0     0.00       0.00       0.00     831 831 
      0     0.00       0.00       0.00     832   1 
      0     0.00       0.00       0.00     833 833 
      0     0.00       0.00       0.00     836 836 
      0     0.00       0.00       0.00     837   1 
      0     0.00       0.00       0.00     838 838 
      0     0.00       0.00       0.00     839 839 
      0     0.00       0.00       0.00     840 840 
      0     0.00       0.00       0.00     841 841 
      0     0.00       0.00       0.00     842 842 
      0     0.00       0.00       0.00     843 843 
      0     0.00       0.00       0.00     847 847 
      0     0.00       0.00       0.00     854 854 
      0     0.00       0.00       0.00     856 856 
      0     0.00       0.00       0.00     857   1 
      0     0.00       0.00       0.00     858   1 
      0     0.00       0.00       0.00     859 306 
      0     0.00       0.00       0.00     860   1 
      0     0.00       0.00       0.00     861   1 
      0     0.00       0.00       0.00     863   1 
      0     0.00       0.00       0.00     883 883 
      0     0.00       0.00       0.00     884 884 
      0     0.00       0.00       0.00     888   1 
      0     0.00       0.00       0.00     889   1 
      0     0.00       0.00       0.00     891 891 
      0     0.00       0.00       0.00     897   1 
      0     0.00       0.00       0.00     908 908 
      0     0.00       0.00       0.00     910   1 
      0     0.00       0.00       0.00     912   1 
      0     0.00       0.00       0.00     914   1 
      0     0.00       0.00       0.00     927 927 
      0     0.00       0.00       0.00     940 940 
      0     0.00       0.00       0.00     973 973 
      0     0.00       0.00       0.00     974 974 
      0     0.00       0.00       0.00     975   1 
      0     0.00       0.00       0.00     976 976 
      0     0.00       0.00       0.00     977 977 
      0     0.00       0.00       0.00     980 980 
      0     0.00       0.00       0.00     981 981 
      0     0.00       0.00       0.00     982 982 
      0     0.00       0.00       0.00     983 983 
      0     0.00       0.00       0.00     984 984 
      0     0.00       0.00       0.00     985 985 
      0     0.00       0.00       0.00     986 986 
      0     0.00       0.00       0.00     988 988 
      0     0.00       0.00       0.00     998 998 
      0     0.00       0.00       0.00     999 999 
      0     0.00       0.00       0.00    1007 …07 
      0     0.00       0.00       0.00    1010 …10 
      0     0.00       0.00       0.00    1014 …14 
      0     0.00       0.00       0.00    1016 …16 
      0     0.00       0.00       0.00    1040 …40 
      0     0.00       0.00       0.00    1058 …58 
      0     0.00       0.00       0.00    1059 …59 
      0     0.00       0.00       0.00    1063 …63 
      0     0.00       0.00       0.00    1064 …64 
      0     0.00       0.00       0.00    1065 …65 
      0     0.00       0.00       0.00    1084 …84 
      0     0.00       0.00       0.00    1085 …85 
      0     0.00       0.00       0.00    1086   1 
      0     0.00       0.00       0.00    1132 …32 
      0     0.00       0.00       0.00    1170 …70 
      0     0.00       0.00       0.00    1212 …12 
      0     0.00       0.00       0.00    1214 …14 
      0     0.00       0.00       0.00    1216 …16 
      0     0.00       0.00       0.00    1219 …19 
      0     0.00       0.00       0.00    1278   1 
      0     0.00       0.00       0.00    1487 …87 
      0     0.00      73.31       0.06     644   1 accountsd
      0     0.00      16.09       0.00    1028 …28 AccountSubscrib
      0     0.00      22.55       0.00     745   1 adprivacyd
      0     0.00      21.22       0.00     714   1 AirPlayUIAgent
      0     0.00      42.47       0.01     684   1 akd
      0     0.00      13.41       0.00     626   1 AMPDeviceDiscov
      0     0.00      20.66       0.01     699   1 amsaccountsd
      0     0.00      42.80       0.06     723   1 amsengagementd
      0     0.00       7.56       0.00     620   1 APFSUserAgent
      0     0.00      20.92       0.01     921   1 appleaccountd
      0     0.00      45.05       0.01    1480   1 AppleSpell
      0     0.00      27.17       0.00     732   1 AppSSOAgent
      0     0.00      38.52       0.03    1009   1 appstoreagent
      0     0.00      21.48       0.00     997   1 AquaAppearanceH
      0     0.00      15.55       0.00    1032 …32 ASConfiguration
      0     0.00      18.92       0.00     712   1 askpermissiond
      0     0.00      15.52       0.00     770   1 AssetCacheLocat
      0     0.00      59.25       0.03     754   1 assistantd
      0     0.00      26.45       0.01     757   1 assistant_cdmd
      0     0.00      34.14       0.02    1123   1 assistant_servi
      0     0.00      32.02       0.00     646   1 audioaccessoryd
      0     0.00      12.86       0.00     678   1 AudioComponentR
      0     0.00      22.38       0.01    1172   1 AuthenticationS
      0     0.00      24.91       0.01     763   1 avconferenced
      0     0.00      28.28       0.05     703   1 axassetsd
      0     0.00      26.97       0.00    1618   1 AXVisualSupport
      0     0.00      10.05       0.00    1008   1 backgroundasset
      0     0.00      19.53       0.00     596   1 BackgroundTaskM
      0     0.00      10.50       0.00    1057   1 betaenrollmentd
      0     0.00      24.27       0.04     698   1 BiomeAgent
      0     0.00      20.44       0.02     972   1 biomesyncd
      0     0.00      26.23       0.03     631   1 bird
      0     0.00      18.86       0.00     647   1 bluetoothuserd
      0     0.00      39.23       0.02     627   1 calaccessd
      0     0.00      18.75       0.00     949 949 CalendarFocusCo
      0     0.00      45.95       0.02     773 773 CalendarWidgetE
      0     0.00      20.91       0.00     762   1 CallHistoryPlug
      0     0.00      41.50       0.01     650   1 callservicesd
      0     0.00       7.93       0.01     681 681 CarbonComponent
      0     0.00      17.22       0.01     701 701 CategoriesServi
      0     0.00      17.80       0.00     739 739 CategoriesServi
      0     0.00       8.44       0.00     750 750 CategoriesServi
      0     0.00       6.48       0.00     758 758 CategoriesServi
      0     0.00       8.05       0.00     791 791 CategoriesServi
      0     0.00      16.61       0.00     936 936 CategoriesServi
      0     0.00      14.91       0.00    1215 …15 CategoriesServi
      0     0.00      13.94       0.00     690   1 cdpd
      0     0.00       9.62       0.15     575   1 cfprefsd
      0     0.00       6.81       0.00    1226 …25 chrome_crashpad
      0     0.00      63.56       0.06     682   1 chronod
      0     0.00      44.03       0.99     664   1 cloudd
      0     0.00      14.84       0.00     697   1 CloudKeychainPr
      0     0.00      20.38       0.01    1033   1 cloudphotod
      0     0.00      14.62       0.00     767   1 CMFSyncAgent
      0     0.00      42.91       0.01    1228   1 Code Helper
      0     0.00      96.55       0.05    1251   1 Code Helper
      0     0.00      66.25       0.01    1252   1 Code Helper
      0     0.00      80.33       0.15    1287   1 Code Helper
      0     0.00      93.97       0.67    1227   1 Code Helper (GP
      0     0.00     180.78       0.08    1383   1 Code Helper (Pl
      0     0.00      65.41       0.01    1384   1 Code Helper (Pl
      0     0.00     154.44       0.06    1393   1 Code Helper (Pl
      0     0.00     425.05       1.93    1229   1 Code Helper (Re
      0     0.00       4.70       0.00     788   1 colorsync.usera
      0     0.00       6.80       0.00     918   1 com.apple.acces
      0     0.00     111.34       0.07    1267 …67 com.apple.appki
      0     0.00      85.58       0.01    1478 …78 com.apple.appki
      0     0.00      81.59       0.01    1511 …11 com.apple.appki
      0     0.00       4.06       0.00     903 903 com.apple.audio
      0     0.00       8.88       0.00     932 932 com.apple.audio
      0     0.00       8.67       0.00     934 934 com.apple.audio
      0     0.00       8.69       0.00     938 938 com.apple.audio
      0     0.00       8.66       0.00     939 939 com.apple.audio
      0     0.00       8.62       0.00     942 942 com.apple.audio
      0     0.00       8.61       0.00     945 945 com.apple.audio
      0     0.00       8.50       0.00    1071 …71 com.apple.audio
      0     0.00       8.62       0.00    1074 …74 com.apple.audio
      0     0.00       8.67       0.00    1503 …03 com.apple.audio
      0     0.00       8.77       0.00    1506 …06 com.apple.audio
      0     0.00      16.69       0.00     728 728 com.apple.Cloud
      0     0.00       4.69       0.00    1281   1 com.apple.Dicti
      0     0.00      61.67       0.01     752 752 com.apple.dock.
      0     0.00      14.27       0.00     740 740 com.apple.FaceT
      0     0.00      24.44       0.01     663   1 com.apple.geod
      0     0.00       6.75       0.01     632   1 com.apple.hiser
      0     0.00      46.73       0.06    1072 …72 com.apple.photo
      0     0.00      30.97       0.01     729   1 com.apple.quick
      0     0.00      21.19       0.00     653   1 com.apple.sbd
      0     0.00      11.88       0.00    1038   1 com.apple.siri-
      0     0.00      61.17       0.01     753 753 com.apple.siri.
      0     0.00      51.47       0.02    1001 …01 com.apple.siri.
      0     0.00      11.00       0.00     944 944 com.apple.SiriT
      0     0.00      10.67       0.00     946 946 com.apple.SiriT
      0     0.00      30.53       0.00     603   1 CommCenter
      0     0.00      29.27       0.01     656   1 commerce
      0     0.00      48.69       0.21     691   1 contactsd
      0     0.00      13.17       0.02     613   1 containermanage
      0     0.00      15.81       0.01     726 726 ContainerMetada
      0     0.00      13.03       0.00    1475   1 contentlinkingd
      0     0.00      36.52       0.01     700   1 ContextService
      0     0.00      29.16       0.01     651   1 ContextStoreAge
      0     0.00      22.84       0.03     612   1 ContinuityCaptu
      0     0.00      76.84       0.07     592   1 ControlCenter
      0     0.00      23.94       0.00    1159   1 coreautha
      0     0.00      14.05       0.00     674   1 coreauthd
      0     0.00      23.50       0.00     624   1 CoreLocationAge
      0     0.00      43.22       0.01     584   1 CoreServicesUIA
      0     0.00      30.08       0.53     702   1 corespeechd
      0     0.00     161.55       0.74     645   1 corespotlightd
      0     0.00       7.73       0.00     733 733 CSExattrCryptoS
      0     0.00       6.81       0.00    1270 …70 CSExattrCryptoS
      0     0.00       4.25       0.00     599   1 csnameddatad
      0     0.00       9.50       0.00     737   1 ctkahp
      0     0.00      12.25       0.00     668   1 ctkd
      0     0.00      29.00       0.02     749   1 CursorUIViewSer
      0     0.00      32.77       0.02     989   1 dataaccessd
      0     0.00      12.42       0.01     830   1 deleted
      0     0.00      15.78       0.00     746   1 diagnosticexten
      0     0.00      15.50       0.00     717   1 diagnostics_age
      0     0.00       8.81       0.05     573   1 distnoted
      0     0.00      18.98       0.01     605   1 dmd
      0     0.00      67.19       0.05     591   1 Dock
      0     0.00      34.11       0.01     899 899 DockHelper
      0     0.00      30.23       0.01     659   1 donotdisturbd
      0     0.00     212.98       0.88    1223   1 Electron
      0     0.00      15.03       0.00    1035   1 EscrowSecurityA
      0     0.00       8.94       0.00     641 641 extensionkitser
      0     0.00      12.22       0.00     725 725 extensionkitser
      0     0.00       8.84       0.00     948 948 extensionkitser
      0     0.00      17.44       0.00    1220 …20 ExternalQuickLo
      0     0.00      38.73       0.01     669   1 familycircled
      0     0.00      42.16       0.08     625   1 fileproviderd
      0     0.00      22.98       0.01     748   1 financed
      0     0.00     182.09       0.19     595   1 Finder
      0     0.00      15.52       0.00     634   1 findmydevice-us
      0     0.00      23.19       0.00     783   1 findmylocateage
      0     0.00      27.05       0.01     755   1 fmfd
      0     0.00       9.58       0.00     808   1 followupd
      0     0.00      18.17       0.01     689   1 fontd
      0     0.00      18.11       0.01     692   1 fontworker
      0     0.00       5.78       0.00     971   1 fudHelperAgent
      0     0.00      10.88       0.00     826   1 gamecontrollera
      0     0.00      37.53       0.01     673   1 heard
      0     0.00      54.78       0.02     648   1 homed
      0     0.00      28.84       0.00    1004   1 homeenergyd
      0     0.00      10.88       0.00     709   1 icdd
      0     0.00      26.83       0.01     759   1 iCloudNotificat
      0     0.00      42.83       0.02     637   1 iconservicesage
      0     0.00      54.56       0.05     660   1 identityservice
      0     0.00      39.69       0.02     716   1 imagent
      0     0.00      20.64       0.00    1151   1 IMAutomaticHist
      0     0.00      66.78       0.47     741   1 IMDPersistenceA
      0     0.00      11.98       0.00     706   1 imklaunchagent
      0     0.00       3.91       0.00     882   1 installerauthag
      0     0.00      45.42       1.48     926 926 IntelligencePla
      0     0.00      21.39       0.00    1103   1 intelligencepla
      0     0.00      20.84       0.00     675   1 intelligentrout
      0     0.00      12.03       0.00     792 792 intents_helper
      0     0.00      10.67       0.00    1023 …23 InteractiveLega
      0     0.00      44.11       0.02     687   1 itunescloudd
      0     0.00      15.31       0.00    1218   1 keyboardservice
      0     0.00      25.23       0.00     695   1 Keychain Circle
      0     0.00      12.77       0.00    1173   1 keychainsharing
      0     0.00      38.67       0.03     587   1 knowledge-agent
      0     0.00      83.98       0.92    1104   1 knowledgeconstr
      0     0.00      15.77       0.00     931 931 KonaSynthesizer
      0     0.00      10.70       0.00    1026 …26 LegacyProfilesS
      0     0.00      18.25       0.01     730   1 linkd
      0     0.00      11.56       0.00     710   1 localizationswi
      0     0.00      17.69       0.00     827   1 lockdownmoded
      0     0.00      14.75       0.02     628   1 lockoutagent
      0     0.00      70.88       0.05     368 368 loginwindow
      0     0.00      38.66       0.02     590   1 lsd
      0     0.00      21.25       0.00     941 941 MacinTalkAUSP
      0     0.00      24.89       0.00     804   1 maild
      0     0.00      21.83       0.00     950 950 MailShortcutsEx
      0     0.00      11.52       0.00    1031 …31 ManagedConfigur
      0     0.00      10.20       0.00     680   1 ManagedSettings
      0     0.00      10.72       0.00    1030 …30 ManagementTestS
      0     0.00      23.66       0.01     862   1 mapssyncd
      0     0.00      21.42       0.00     943 943 MauiAUSP
      0     0.00      29.95       0.07     845   1 mdbulkimport
      0     0.00      12.62       0.01     890   1 mdworker
      0     0.00      27.66       0.00    1573   1 mdworker_shared
      0     0.00      25.23       0.00    1607   1 mdworker_shared
      0     0.00      20.72       0.00    1608   1 mdworker_shared
      0     0.00      20.67       0.00    1609   1 mdworker_shared
      0     0.00       7.92       0.97    1075   1 mdwrite
      0     0.00      64.16       0.02    1505   1 mediaanalysisd
      0     0.00       6.55       0.00     761   1 mediaremoteagen
      0     0.00      28.25       0.00     952 952 MessagesActionE
      0     0.00      63.50       0.04    1073 …73 MessagesBlastDo
      0     0.00      15.61       0.00    1144 …44 MessagesBlastDo
      0     0.00       8.00       0.00    1062   1 metrickitd
      0     0.00      13.83       0.00    1039   1 mlruntimed
      0     0.00      30.70       0.00    1070 …70 MobileSMSSpotli
      0     0.00      15.08       0.00     677   1 mobiletimerd
      0     0.00      11.25       0.00     784   1 MTLAssetUpgrade
      0     0.00      11.20       0.00    1272 …72 MTLCompilerServ
      0     0.00      10.69       0.00    1273 …73 MTLCompilerServ
      0     0.00      11.73       0.00    1407 …07 MTLCompilerServ
      0     0.00       9.11       0.00    1481   1 naturallanguage
      0     0.00      22.38       0.00     657   1 ndoagent
      0     0.00      13.91       0.00     696   1 neagent
      0     0.00      28.61       0.01     685   1 networkservicep
      0     0.00      26.53       0.01    1067   1 newsd
      0     0.00      96.08       0.14     771 771 NewsToday2
      0     0.00      80.03       0.03     676   1 NotificationCen
      0     0.00      53.20       0.13     916 916 nsattributedstr
      0     0.00      27.27       0.04     618   1 nsurlsessiond
      0     0.00      25.08       0.01     947   1 OSDUIHelper
      0     0.00      22.34       0.00     769 769 PAH_Extension
      0     0.00      25.14       0.01    1336   1 parsec-fbf
      0     0.00      30.20       0.01     655   1 parsecd
      0     0.00      10.73       0.00    1027 …27 PasscodeSetting
      0     0.00      13.45       0.00    1036   1 PasswordBreachA
      0     0.00       6.56       0.00     608   1 pboard
      0     0.00       9.12       0.00     735   1 pbs
      0     0.00      25.30       0.01     991   1 peopled
      0     0.00      31.02       0.01    1012   1 photoanalysisd
      0     0.00      63.33       0.59    1013   1 photolibraryd
      0     0.00      19.14       0.01     606   1 pkd
      0     0.00       3.45       0.00    1078 …78 PlugInLibrarySe
      0     0.00       3.48       0.00    1222 …22 PlugInLibrarySe
      0     0.00       3.44       0.00    1269 …69 PlugInLibrarySe
      0     0.00      22.67       0.00     992   1 proactived
      0     0.00      17.16       0.00     835   1 progressd
      0     0.00      21.34       0.00    1018   1 promotedcontent
      0     0.00      14.27       0.00     694   1 ProtectedCloudK
      0     0.00     260.66       0.42    1416 …16 pwsh
      0     0.00      22.97       0.00    1283 …83 QLPreviewGenera
      0     0.00      23.36       0.01    1217 …17 QuickLookSatell
      0     0.00      53.00       0.01     602 602 QuickLookUIServ
      0     0.00      23.06       0.00    1268 …68 QuickLookUIServ
      0     0.00      24.23       0.00    1479 …79 QuickLookUIServ
      0     0.00      23.98       0.00    1512 …12 QuickLookUIServ
      0     0.00     136.44       0.62    1498   1 QuickTime Playe
      0     0.00      33.09       0.03     609   1 rapportd
      0     0.00      14.81       0.00    1145   1 recentsd
      0     0.00      14.03       0.00    1021   1 RemoteManagemen
      0     0.00      61.45       0.06     670   1 replayd
      0     0.00       6.91       0.00     760   1 ReportCrash
      0     0.00      22.44       0.00    1146   1 reversetemplate
      0     0.00      41.80       0.04     617   1 routined
      0     0.00      28.67       0.01     990   1 SafariBookmarks
      0     0.00      17.89       0.00     951 951 SafariLinkExten
      0     0.00      14.62       0.02    1015   1 ScopedBookmarkA
      0     0.00      16.23       0.00    1024 …24 ScreenSharingSu
      0     0.00      38.05       0.06     640   1 ScreenTimeAgent
      0     0.00      73.69       0.02     768 768 ScreenTimeWidge
      0     0.00      42.75       0.11     601   1 secd
      0     0.00      15.98       0.01     604   1 secinitd
      0     0.00      11.34       0.00    1022 …22 SecuritySubscri
      0     0.00      16.14       0.00     721   1 seserviced
      0     0.00      17.55       0.01     623   1 sharedfilelistd
      0     0.00      71.72       0.11     679   1 sharingd
      0     0.00      10.47       0.00     866   1 SidecarRelay
      0     0.00      29.56       0.02     708   1 Siri
      0     0.00      26.62       0.01     615   1 siriactionsd
      0     0.00      16.50       0.00     928 928 SiriAUSP
      0     0.00      42.23       0.20     764   1 siriknowledged
      0     0.00      25.31       0.01     969 969 SiriNCService
      0     0.00      17.83       0.00     828   1 sirittsd
      0     0.00      20.16       0.00     671   1 sociallayerd
      0     0.00      26.44       0.01     855   1 SoftwareUpdateN
      0     0.00      13.80       0.00    1029 …29 SoftwareUpdateS
      0     0.00      13.62       0.00    1284 …84 SpeechSynthesis
      0     0.00     329.33       0.63    1186   1 Spotify
      0     0.00      41.02       0.00    1188 …87 Spotify Helper
      0     0.00      90.66       0.03    1191   1 Spotify Helper
      0     0.00      55.31       0.00    1193   1 Spotify Helper
      0     0.00     110.53       0.06    1190   1 Spotify Helper 
      0     0.00     378.23       0.63    1196   1 Spotify Helper 
      0     0.00     249.39       0.13     633   1 Spotlight
      0     0.00      26.41       0.01     744   1 StatusKitAgent
      0     0.00      89.98       0.02     801 801 StocksWidget
      0     0.00     104.61       0.09     672   1 suggestd
      0     0.00      14.47       0.04     785   1 swcd
      0     0.00      20.69       0.01     667   1 syncdefaultsd
      0     0.00      26.66       0.00     594   1 SystemUIServer
      0     0.00      21.31       0.00     589   1 talagent
      0     0.00      22.20       0.06     636   1 tccd
      0     0.00      68.94       0.02    1474   1 TextEdit
      0     0.00      35.08       0.00     718   1 TextInputMenuAg
      0     0.00      25.67       0.01     727   1 TextInputSwitch
      0     0.00      25.02       0.00    1271 …71 ThumbnailExtens
      0     0.00      27.66       0.01     987   1 tipsd
      0     0.00      17.94       0.00    1508   1 translationd
      0     0.00      26.39       0.01     666   1 transparencyd
      0     0.00      25.11       0.12     686   1 triald
      0     0.00      20.70       0.14     616   1 trustd
      0     0.00      18.92       0.00     661   1 TrustedPeersHel
      0     0.00      33.27       0.01     781   1 UIKitSystem
      0     0.00      21.72       0.00     585   1 universalaccess
      0     0.00      24.77       0.09     867   1 UniversalContro
      0     0.00      20.02       0.01     747   1 UsageTrackingAg
      0     0.00      15.92       0.00     751   1 useractivityd
      0     0.00      24.98       0.03     580   1 UserEventAgent
      0     0.00      28.31       0.01     619   1 usernoted
      0     0.00      16.98       0.00     622   1 usernotificatio
      0     0.00      36.45       0.01    1441   1 UserNotificatio
      0     0.00      15.11       0.01     658   1 ViewBridgeAuxil
      0     0.00      18.88       0.00     933   1 voicebankingd
      0     0.00      14.22       0.00    1068 …68 VTDecoderXPCSer
      0     0.00      12.92       0.00    1079 …79 VTDecoderXPCSer
      0     0.00      33.84       0.32    1160 …60 VTDecoderXPCSer
      0     0.00      27.80       0.25    1504 …04 VTDecoderXPCSer
      0     0.00      14.34       0.00    1507 …07 VTDecoderXPCSer
      0     0.00      34.38       0.01     611   1 WallpaperAgent
      0     0.00     479.48       0.03     643 643 WallpaperImageE
      0     0.00      32.83       1.22    1158 …58 WallpaperVideoE
      0     0.00      10.25       0.01     935 935 WardaSynthesize
      0     0.00      17.91       0.00     937 937 WardaSynthesize
      0     0.00      43.70       0.04     711   1 WavesLocalServe
      0     0.00      16.11       0.00     868   1 weatherd
      0     0.00      68.11       0.02     734 734 WeatherWidget
      0     0.00      31.97       0.07     654   1 WiFiAgent
      0     0.00       8.53       0.00     777   1 WiFiVelocityAge
      0     0.00      33.67       0.06     588   1 WindowManager
      0     0.00      58.81       0.05     786 786 WorldClockWidge
      0     0.00       9.44       0.01     895   1 XProtectPluginS
      0     0.00      15.61       0.00    1499 …99 XprotectService
      0     0.00       2.48       0.00    1288 …88 zsh
      0     0.00       2.97       0.00    1341 …41 zsh
      0     0.00       2.52       0.00    1385 …85 zsh

